39
971 7 0 155 0
888 2 0 513 0
435 1 1 200 1
345 3 1 835 0
888 4 0 531 1
888 1 0 81 1
354 8 1 883 1
379 1 0 174 1
888 1 0 431 0
888 7 0 353 1
435 1 0 432 1
345 8 0 616 0
354 3 1 835 1
541 8 1 879 1
797 2 1 280 0
691 8 0 971 1
693 6 1 626 0
345 8 0 747 0
888 9 1 925 0
435 2 0 369 1
453 9 0 79 1
354 6 0 662 0
127 7 1 431 1
131 2 1 941 0
435 8 1 228 0
67 6 1 685 1
888 7 1 984 1
435 2 1 388 0
888 9 1 264 1
67 1 0 652 0
881 7 0 903 0
883 7 0 837 0
761 3 0 527 1
435 9 0 430 1
43 8 0 682 0
453 5 0 273 0
919 2 0 589 0
888 5 0 614 1
71 5 1 716 1